512.0 184.0 8.4442049717
510.0 97.0 8.4442049717
506.0 144.0 13.4481782883
502.0 36.0 14.0736749528
500.0 184.0 8.4442049717
488.0 216.0 14.0736749528
480.0 87.0 14.0736749528
464.0 34.0 14.0736749528
460.0 275.0 12.1971849591
460.0 165.0 8.4442049717
459.0 48.0 8.4442049717
458.0 94.0 8.4442049717
457.0 140.0 8.4442049717
456.0 207.0 8.4442049717
416.0 249.0 14.0736749528
410.0 54.0 14.0736749528
399.0 152.0 14.0736749528
393.0 252.0 14.0736749528
392.0 54.0 14.0736749528
386.0 159.0 14.0736749528
317.0 244.0 14.0736749528
312.0 164.0 14.0736749528
310.0 143.0 14.0736749528
308.0 260.0 14.0736749528
308.0 64.0 14.0736749528
306.0 45.0 14.0736749528
247.0 48.0 14.0736749528
236.0 144.0 14.0736749528
235.0 163.0 14.0736749528
224.0 65.0 14.0736749528
223.0 258.0 14.0736749528
222.0 244.0 14.0736749528
222.0 44.0 14.0736749528
216.0 164.0 14.0736749528
214.0 144.0 14.0736749528
185.0 70.0 8.4442049717
184.0 240.0 8.4442049717
184.0 39.0 8.4442049717
183.0 264.0 8.4442049717
160.0 260.0 14.0736749528
157.0 238.0 14.0736749528
157.0 67.0 14.0736749528
157.0 41.0 14.0736749528
149.0 164.0 14.0736749528
149.0 141.0 14.0736749528
100.0 248.0 14.0736749528
99.0 54.0 14.0736749528
91.0 162.0 14.0736749528
91.0 143.0 14.0736749528
24.0 99.0 8.4442049717
21.0 148.0 14.0736749528
20.0 243.0 14.0736749528
20.0 73.0 12.8226816237
20.0 48.0 12.8226816237
