757.0 534.0 17.454615241
749.0 626.0 17.454615241
706.0 414.0 22.6263530902
701.0 367.0 20.0404841656
700.0 92.0 17.454615241
694.0 260.0 27.7980909394
694.0 159.0 17.454615241
690.0 196.0 17.454615241
685.0 663.0 17.454615241
685.0 626.0 17.454615241
673.0 587.0 17.454615241
659.0 107.0 17.454615241
644.0 664.0 17.454615241
640.0 163.0 17.454615241
639.0 509.0 17.454615241
637.0 279.0 17.454615241
635.0 585.0 18.7475497033
632.0 427.0 17.454615241
632.0 236.0 17.454615241
630.0 360.0 17.454615241
593.0 669.0 23.9192875525
587.0 112.0 22.6263530902
586.0 510.0 17.454615241
585.0 434.0 17.454615241
582.0 587.0 17.454615241
582.0 279.0 17.454615241
580.0 396.0 17.454615241
579.0 236.0 17.454615241
539.0 473.0 17.454615241
538.0 661.0 17.454615241
536.0 356.0 17.454615241
529.0 510.0 17.454615241
528.0 395.0 17.454615241
528.0 200.0 17.454615241
525.0 550.0 17.454615241
523.0 281.0 17.454615241
522.0 240.0 17.454615241
516.0 115.0 29.0910254017
485.0 434.0 17.454615241
483.0 589.0 17.454615241
482.0 512.0 17.454615241
482.0 472.0 17.454615241
482.0 201.0 17.454615241
481.0 357.0 17.454615241
479.0 283.0 17.454615241
475.0 394.0 17.454615241
475.0 240.0 17.454615241
455.0 114.0 29.0910254017
436.0 399.0 17.454615241
434.0 356.0 17.454615241
431.0 692.0 17.454615241
428.0 588.0 17.454615241
428.0 511.0 17.454615241
337.0 245.0 17.454615241
325.0 624.0 17.454615241
322.0 205.0 17.454615241
321.0 280.0 17.454615241
302.0 692.0 17.454615241
287.0 548.0 17.454615241
283.0 362.0 17.454615241
253.0 241.0 17.454615241
248.0 103.0 17.454615241
242.0 691.0 17.454615241
230.0 313.0 17.454615241
221.0 103.0 17.454615241
218.0 546.0 17.454615241
215.0 511.0 17.454615241
215.0 396.0 29.0910254017
215.0 281.0 17.454615241
214.0 239.0 17.454615241
210.0 474.0 17.454615241
201.0 158.0 29.0910254017
195.0 690.0 17.454615241
