760.0 542.0 18.7475497033
704.0 275.0 17.454615241
701.0 419.0 18.7475497033
701.0 92.0 17.454615241
694.0 359.0 17.454615241
692.0 162.0 17.454615241
690.0 199.0 17.454615241
688.0 662.0 17.454615241
686.0 624.0 17.454615241
684.0 242.0 17.454615241
666.0 106.0 17.454615241
643.0 163.0 17.454615241
640.0 509.0 17.454615241
637.0 281.0 17.454615241
634.0 586.0 18.7475497033
633.0 361.0 17.454615241
632.0 238.0 17.454615241
631.0 428.0 17.454615241
629.0 199.0 17.454615241
588.0 665.0 17.454615241
583.0 512.0 17.454615241
583.0 434.0 17.454615241
582.0 396.0 17.454615241
582.0 165.0 17.454615241
581.0 588.0 17.454615241
581.0 239.0 17.454615241
581.0 116.0 22.6263530902
579.0 280.0 17.454615241
573.0 199.0 17.454615241
540.0 663.0 17.454615241
540.0 473.0 17.454615241
535.0 357.0 17.454615241
529.0 395.0 17.454615241
529.0 318.0 17.454615241
527.0 280.0 17.454615241
527.0 199.0 17.454615241
525.0 549.0 17.454615241
521.0 117.0 29.0910254017
520.0 240.0 17.454615241
486.0 592.0 17.454615241
484.0 514.0 17.454615241
484.0 435.0 17.454615241
484.0 201.0 17.454615241
482.0 546.0 17.454615241
482.0 471.0 17.454615241
480.0 283.0 17.454615241
479.0 393.0 17.454615241
479.0 358.0 17.454615241
478.0 240.0 17.454615241
477.0 680.0 17.454615241
455.0 115.0 29.0910254017
435.0 435.0 17.454615241
434.0 398.0 17.454615241
434.0 356.0 17.454615241
430.0 693.0 17.454615241
430.0 283.0 17.454615241
429.0 513.0 17.454615241
428.0 589.0 17.454615241
414.0 657.0 17.454615241
383.0 397.0 17.454615241
373.0 550.0 17.454615241
366.0 662.0 17.454615241
327.0 241.0 17.454615241
325.0 200.0 17.454615241
323.0 625.0 17.454615241
320.0 549.0 17.454615241
320.0 280.0 17.454615241
310.0 692.0 17.454615241
267.0 381.0 29.0910254017
261.0 244.0 17.454615241
258.0 105.0 17.454615241
241.0 150.0 17.454615241
223.0 242.0 29.0910254017
214.0 510.0 17.454615241
214.0 280.0 17.454615241
211.0 550.0 17.454615241
209.0 476.0 17.454615241
208.0 384.0 29.0910254017
203.0 202.0 17.454615241
187.0 155.0 17.454615241
