0.0 391.0 54.184988706
0.0 768.0 54.184988706
63.0 2524.0 54.184988706
69.0 201.0 54.184988706
72.0 2787.0 54.184988706
147.0 2125.0 54.184988706
149.0 2377.0 54.184988706
178.0 372.0 54.184988706
233.0 2531.0 54.184988706
245.0 2779.0 54.184988706
325.0 2379.0 54.184988706
329.0 2121.0 54.184988706
336.0 370.0 54.184988706
412.0 2528.0 54.184988706
421.0 2792.0 54.184988706
439.0 366.0 54.184988706
491.0 2379.0 54.184988706
501.0 2126.0 54.184988706
589.0 2526.0 54.184988706
599.0 2791.0 54.184988706
644.0 2125.0 54.184988706
668.0 2378.0 54.184988706
746.0 422.0 54.184988706
757.0 2528.0 54.184988706
765.0 2791.0 54.184988706
850.0 736.0 54.184988706
890.0 459.0 54.184988706
903.0 2384.0 54.184988706
931.0 2527.0 54.184988706
941.0 2791.0 54.184988706
948.0 970.0 54.184988706
959.0 730.0 54.184988706
1039.0 2262.0 54.184988706
1102.0 2381.0 54.184988706
1110.0 2528.0 54.184988706
1117.0 722.0 54.184988706
1120.0 2791.0 54.184988706
1220.0 1176.0 54.184988706
1251.0 2377.0 54.184988706
1262.0 2280.0 54.184988706
1285.0 2532.0 54.184988706
1298.0 2778.0 54.184988706
1339.0 616.0 54.184988706
1446.0 811.0 54.184988706
1463.0 1049.0 54.184988706
1466.0 2528.0 54.184988706
1473.0 2792.0 54.184988706
1582.0 397.0 54.184988706
1622.0 2142.0 54.184988706
1643.0 2526.0 54.184988706
1653.0 2791.0 54.184988706
1732.0 2136.0 54.184988706
1752.0 814.0 54.184988706
1846.0 2789.0 54.184988706
1849.0 2137.0 54.184988706
2009.0 190.0 54.184988706
2012.0 0.0 54.184988706
