771.0 589.0 17.454615241
770.0 707.0 17.454615241
769.0 367.0 17.454615241
768.0 423.0 17.454615241
763.0 628.0 17.454615241
748.0 537.0 25.2122220148
741.0 673.0 17.454615241
740.0 484.0 21.3334186279
739.0 628.0 17.454615241
733.0 590.0 17.454615241
733.0 205.0 17.454615241
732.0 310.0 17.454615241
731.0 166.0 17.454615241
723.0 418.0 17.454615241
684.0 512.0 17.454615241
683.0 631.0 17.454615241
683.0 591.0 17.454615241
683.0 317.0 17.454615241
682.0 550.0 17.454615241
682.0 471.0 17.454615241
681.0 359.0 17.454615241
681.0 244.0 17.454615241
680.0 204.0 17.454615241
679.0 693.0 25.2122220148
679.0 427.0 17.454615241
679.0 163.0 17.454615241
678.0 278.0 17.454615241
653.0 669.0 17.454615241
625.0 700.0 17.454615241
625.0 591.0 17.454615241
624.0 631.0 17.454615241
624.0 511.0 17.454615241
624.0 434.0 17.454615241
624.0 394.0 17.454615241
623.0 550.0 17.454615241
623.0 471.0 17.454615241
623.0 356.0 17.454615241
623.0 279.0 17.454615241
623.0 243.0 17.454615241
621.0 318.0 17.454615241
621.0 205.0 17.454615241
621.0 166.0 17.454615241
599.0 131.0 17.454615241
578.0 688.0 25.2122220148
571.0 629.0 17.454615241
570.0 590.0 17.454615241
570.0 550.0 17.454615241
570.0 511.0 17.454615241
569.0 471.0 17.454615241
569.0 434.0 17.454615241
568.0 394.0 17.454615241
567.0 318.0 17.454615241
566.0 356.0 17.454615241
566.0 279.0 17.454615241
566.0 243.0 17.454615241
565.0 205.0 17.454615241
565.0 167.0 17.454615241
563.0 130.0 17.454615241
562.0 102.0 17.454615241
522.0 699.0 17.454615241
517.0 628.0 17.454615241
515.0 590.0 17.454615241
514.0 550.0 17.454615241
514.0 511.0 17.454615241
513.0 471.0 17.454615241
512.0 673.0 29.0910254017
512.0 434.0 17.454615241
512.0 394.0 17.454615241
511.0 356.0 17.454615241
510.0 318.0 17.454615241
510.0 279.0 17.454615241
510.0 243.0 17.454615241
508.0 205.0 17.454615241
508.0 169.0 17.454615241
500.0 117.0 29.0910254017
488.0 700.0 17.454615241
484.0 664.0 17.454615241
476.0 133.0 17.454615241
462.0 629.0 17.454615241
461.0 590.0 17.454615241
460.0 550.0 17.454615241
460.0 512.0 17.454615241
460.0 471.0 17.454615241
460.0 434.0 17.454615241
459.0 394.0 17.454615241
458.0 356.0 17.454615241
458.0 318.0 17.454615241
458.0 279.0 17.454615241
456.0 244.0 17.454615241
456.0 205.0 17.454615241
454.0 701.0 17.454615241
454.0 168.0 17.454615241
451.0 108.0 17.454615241
437.0 663.0 17.454615241
424.0 106.0 17.454615241
419.0 135.0 17.454615241
410.0 628.0 17.454615241
409.0 589.0 17.454615241
408.0 549.0 17.454615241
407.0 700.0 17.454615241
407.0 511.0 17.454615241
407.0 470.0 17.454615241
407.0 434.0 17.454615241
406.0 394.0 17.454615241
405.0 356.0 17.454615241
403.0 318.0 17.454615241
403.0 280.0 17.454615241
401.0 244.0 17.454615241
399.0 206.0 17.454615241
398.0 170.0 17.454615241
381.0 664.0 17.454615241
356.0 628.0 17.454615241
355.0 589.0 17.454615241
353.0 549.0 17.454615241
352.0 511.0 17.454615241
352.0 471.0 17.454615241
352.0 433.0 17.454615241
350.0 394.0 17.454615241
349.0 356.0 17.454615241
349.0 318.0 17.454615241
349.0 279.0 17.454615241
348.0 244.0 17.454615241
348.0 206.0 17.454615241
346.0 169.0 17.454615241
334.0 118.0 17.454615241
328.0 661.0 17.454615241
305.0 700.0 17.454615241
303.0 629.0 17.454615241
302.0 589.0 17.454615241
301.0 549.0 17.454615241
300.0 511.0 17.454615241
300.0 471.0 17.454615241
300.0 395.0 17.454615241
299.0 433.0 17.454615241
299.0 356.0 17.454615241
299.0 319.0 17.454615241
299.0 280.0 17.454615241
299.0 244.0 17.454615241
298.0 206.0 17.454615241
297.0 168.0 17.454615241
279.0 700.0 17.454615241
276.0 117.0 17.454615241
257.0 425.0 17.454615241
256.0 358.0 17.454615241
253.0 625.0 17.454615241
252.0 176.0 17.454615241
250.0 512.0 17.454615241
250.0 206.0 17.454615241
249.0 699.0 17.454615241
249.0 588.0 17.454615241
249.0 318.0 17.454615241
249.0 281.0 17.454615241
248.0 549.0 17.454615241
248.0 470.0 17.454615241
248.0 393.0 17.454615241
248.0 244.0 17.454615241
222.0 697.0 17.454615241
207.0 392.0 17.454615241
203.0 589.0 17.454615241
203.0 511.0 17.454615241
203.0 470.0 17.454615241
203.0 320.0 17.454615241
202.0 207.0 17.454615241
200.0 280.0 17.454615241
199.0 549.0 17.454615241
198.0 244.0 17.454615241
183.0 697.0 21.3334186279
179.0 635.0 17.454615241
174.0 109.0 17.454615241
