1751.0 678.0 44.885075572
1748.0 1088.0 44.885075572
1747.0 1185.0 44.885075572
1742.0 1356.0 44.885075572
1741.0 1797.0 44.885075572
1740.0 949.0 44.885075572
1739.0 1477.0 44.885075572
1736.0 1539.0 44.885075572
1731.0 541.0 44.885075572
1729.0 1660.0 44.885075572
1727.0 1898.0 44.885075572
1718.0 303.0 74.8084592866
1713.0 2190.0 61.5091776357
1708.0 2080.0 74.8084592866
1677.0 103.0 71.4836388739
1648.0 357.0 44.885075572
1640.0 1239.0 44.885075572
1638.0 253.0 44.885075572
1637.0 710.0 44.885075572
1633.0 1798.0 44.885075572
1630.0 1492.0 44.885075572
1630.0 816.0 44.885075572
1629.0 938.0 44.885075572
1628.0 1080.0 44.885075572
1622.0 1345.0 44.885075572
1552.0 2089.0 74.8084592866
1531.0 1090.0 44.885075572
1528.0 1334.0 44.885075572
1527.0 1521.0 44.885075572
1523.0 2208.0 44.885075572
1523.0 1655.0 44.885075572
1520.0 1248.0 44.885075572
1519.0 1839.0 44.885075572
1517.0 618.0 44.885075572
1515.0 535.0 44.885075572
1511.0 274.0 48.2098959847
1509.0 159.0 48.2098959847
1491.0 900.0 44.885075572
1488.0 767.0 54.8595368102
1488.0 359.0 44.885075572
1416.0 1511.0 44.885075572
1414.0 1390.0 44.885075572
1414.0 1028.0 44.885075572
1413.0 1190.0 44.885075572
1407.0 1287.0 44.885075572
1404.0 1656.0 44.885075572
1401.0 1842.0 44.885075572
1356.0 264.0 44.885075572
1356.0 160.0 44.885075572
1352.0 2180.0 44.885075572
1304.0 930.0 44.885075572
1303.0 2005.0 44.885075572
1301.0 1662.0 44.885075572
1299.0 818.0 44.885075572
1296.0 712.0 44.885075572
1296.0 534.0 44.885075572
1295.0 1031.0 44.885075572
1293.0 1808.0 44.885075572
1290.0 1524.0 44.885075572
1290.0 1255.0 44.885075572
1286.0 1348.0 44.885075572
1283.0 394.0 44.885075572
1280.0 172.0 74.8084592866
1274.0 240.0 74.8084592866
1238.0 2114.0 44.885075572
1217.0 411.0 44.885075572
1188.0 1522.0 44.885075572
1187.0 1260.0 44.885075572
1186.0 1798.0 44.885075572
1183.0 1652.0 44.885075572
1183.0 529.0 44.885075572
1180.0 927.0 44.885075572
1176.0 1385.0 44.885075572
1172.0 1030.0 44.885075572
1096.0 804.0 44.885075572
1082.0 550.0 44.885075572
1075.0 1387.0 44.885075572
1073.0 1517.0 44.885075572
1071.0 2286.0 61.5091776357
1070.0 1671.0 44.885075572
1070.0 1185.0 44.885075572
1053.0 1806.0 44.885075572
1048.0 2128.0 54.8595368102
1029.0 240.0 74.8084592866
979.0 163.0 44.885075572
969.0 814.0 44.885075572
965.0 1918.0 44.885075572
965.0 1354.0 44.885075572
965.0 952.0 44.885075572
965.0 545.0 44.885075572
963.0 1203.0 44.885075572
960.0 1515.0 44.885075572
959.0 1673.0 44.885075572
950.0 671.0 44.885075572
858.0 2246.0 44.885075572
858.0 2096.0 44.885075572
842.0 1037.0 44.885075572
834.0 1201.0 44.885075572
830.0 326.0 44.885075572
822.0 866.0 44.885075572
716.0 1750.0 44.885075572
708.0 1394.0 44.885075572
707.0 1848.0 44.885075572
703.0 1669.0 44.885075572
697.0 1187.0 44.885075572
696.0 1040.0 44.885075572
696.0 880.0 44.885075572
695.0 762.0 44.885075572
691.0 1293.0 44.885075572
683.0 1505.0 44.885075572
672.0 594.0 44.885075572
558.0 1026.0 44.885075572
557.0 933.0 44.885075572
552.0 1150.0 44.885075572
549.0 1305.0 44.885075572
543.0 778.0 44.885075572
539.0 1669.0 44.885075572
534.0 443.0 44.885075572
529.0 599.0 44.885075572
516.0 1407.0 44.885075572
511.0 1497.0 44.885075572
509.0 1825.0 44.885075572
453.0 1925.0 44.885075572
