299.0 402.0 7.85809335168
297.0 299.0 7.85809335168
296.0 282.0 7.85809335168
293.0 171.0 10.1864173077
291.0 267.0 13.0968222528
288.0 45.0 13.0968222528
273.0 80.0 7.85809335168
267.0 325.0 13.0968222528
266.0 394.0 13.0968222528
263.0 274.0 13.0968222528
259.0 171.0 13.0968222528
259.0 119.0 13.0968222528
258.0 220.0 13.0968222528
257.0 47.0 13.0968222528
200.0 380.0 10.7684982967
199.0 408.0 10.7684982967
199.0 323.0 13.0968222528
199.0 170.0 13.0968222528
199.0 117.0 13.0968222528
198.0 272.0 13.0968222528
198.0 32.0 11.9326602748
197.0 60.0 13.0968222528
196.0 221.0 13.0968222528
185.0 221.0 13.0968222528
184.0 272.0 13.0968222528
184.0 170.0 13.0968222528
183.0 323.0 13.0968222528
183.0 117.0 13.0968222528
181.0 62.0 9.60433631872
180.0 32.0 8.44017434069
178.0 408.0 10.1864173077
178.0 380.0 10.1864173077
126.0 383.0 13.0968222528
125.0 406.0 13.0968222528
125.0 54.0 13.0968222528
125.0 41.0 13.0968222528
124.0 220.0 13.0968222528
123.0 323.0 13.0968222528
123.0 170.0 13.0968222528
123.0 118.0 13.0968222528
113.0 55.0 13.0968222528
112.0 271.0 13.0968222528
112.0 118.0 13.0968222528
112.0 38.0 13.0968222528
111.0 323.0 13.0968222528
111.0 221.0 13.0968222528
108.0 405.0 13.0968222528
106.0 383.0 13.0968222528
48.0 271.0 13.0968222528
48.0 170.0 13.0968222528
47.0 404.0 13.0968222528
47.0 322.0 13.0968222528
47.0 221.0 13.0968222528
46.0 385.0 13.0968222528
46.0 118.0 13.0968222528
45.0 39.0 13.0968222528
44.0 54.0 13.0968222528
