469.0 444.0 12.6969099931
467.0 403.0 13.6374218444
467.0 170.0 12.6969099931
466.0 494.0 18.3399811011
465.0 351.0 12.6969099931
465.0 302.0 18.3399811011
465.0 126.0 12.6969099931
463.0 86.0 12.6969099931
459.0 619.0 12.6969099931
458.0 41.0 19.2804929524
457.0 716.0 12.6969099931
456.0 543.0 12.6969099931
455.0 684.0 16.4589573984
439.0 35.0 12.6969099931
438.0 84.0 12.6969099931
434.0 361.0 12.6969099931
421.0 125.0 12.6969099931
420.0 296.0 12.6969099931
414.0 571.0 12.6969099931
412.0 473.0 12.6969099931
395.0 404.0 12.6969099931
388.0 572.0 12.6969099931
379.0 440.0 12.6969099931
378.0 472.0 12.6969099931
376.0 536.0 12.6969099931
371.0 119.0 12.6969099931
367.0 151.0 12.6969099931
359.0 79.0 12.6969099931
356.0 570.0 12.6969099931
340.0 701.0 14.5779336957
340.0 600.0 12.6969099931
337.0 665.0 12.6969099931
336.0 634.0 12.6969099931
330.0 564.0 12.6969099931
330.0 470.0 13.6374218444
317.0 508.0 12.6969099931
315.0 150.0 12.6969099931
306.0 420.0 12.6969099931
293.0 119.0 12.6969099931
286.0 22.0 12.6969099931
284.0 66.0 21.1615166551
282.0 568.0 12.6969099931
281.0 421.0 12.6969099931
281.0 376.0 12.6969099931
281.0 151.0 12.6969099931
280.0 469.0 12.6969099931
280.0 328.0 12.6969099931
261.0 224.0 12.6969099931
261.0 184.0 12.6969099931
260.0 118.0 12.6969099931
258.0 19.0 12.6969099931
255.0 64.0 21.1615166551
254.0 152.0 12.6969099931
247.0 84.0 12.6969099931
241.0 567.0 12.6969099931
237.0 327.0 12.6969099931
236.0 505.0 12.6969099931
234.0 224.0 12.6969099931
224.0 151.0 12.6969099931
216.0 52.0 12.6969099931
214.0 225.0 12.6969099931
210.0 186.0 12.6969099931
198.0 565.0 12.6969099931
195.0 85.0 12.6969099931
193.0 506.0 12.6969099931
191.0 151.0 12.6969099931
185.0 467.0 14.5779336957
178.0 679.0 16.4589573984
177.0 734.0 13.6374218444
176.0 630.0 12.6969099931
175.0 566.0 12.6969099931
172.0 505.0 12.6969099931
171.0 419.0 12.6969099931
165.0 151.0 12.6969099931
155.0 203.0 12.6969099931
148.0 67.0 12.6969099931
144.0 616.0 12.6969099931
141.0 734.0 15.5184455471
134.0 41.0 12.6969099931
133.0 684.0 12.6969099931
132.0 355.0 12.6969099931
130.0 524.0 12.6969099931
125.0 311.0 12.6969099931
123.0 417.0 12.6969099931
123.0 101.0 12.6969099931
120.0 566.0 12.6969099931
117.0 485.0 12.6969099931
116.0 651.0 12.6969099931
113.0 615.0 12.6969099931
110.0 522.0 12.6969099931
102.0 485.0 12.6969099931
95.0 60.0 12.6969099931
92.0 403.0 12.6969099931
83.0 274.0 12.6969099931
80.0 568.0 12.6969099931
78.0 315.0 12.6969099931
75.0 621.0 12.6969099931
73.0 677.0 12.6969099931
72.0 712.0 12.6969099931
65.0 526.0 12.6969099931
56.0 103.0 12.6969099931
55.0 66.0 12.6969099931
54.0 140.0 12.6969099931
46.0 40.0 12.6969099931
39.0 604.0 12.6969099931
23.0 678.0 12.6969099931
19.0 715.0 12.6969099931
13.0 638.0 12.6969099931
13.0 587.0 12.6969099931
7.0 347.0 12.6969099931
0.0 421.0 15.5184455471
