770.0 707.0 17.454615241
770.0 593.0 17.454615241
769.0 368.0 17.454615241
766.0 419.0 20.0404841656
762.0 627.0 17.454615241
750.0 537.0 26.5051564771
748.0 502.0 17.454615241
744.0 674.0 17.454615241
734.0 591.0 17.454615241
733.0 310.0 17.454615241
732.0 208.0 17.454615241
729.0 426.0 17.454615241
684.0 591.0 17.454615241
684.0 512.0 17.454615241
684.0 471.0 17.454615241
684.0 360.0 17.454615241
684.0 318.0 17.454615241
683.0 631.0 17.454615241
683.0 551.0 17.454615241
682.0 244.0 17.454615241
681.0 204.0 17.454615241
681.0 164.0 17.454615241
680.0 278.0 17.454615241
679.0 688.0 27.7980909394
678.0 427.0 17.454615241
651.0 669.0 17.454615241
625.0 591.0 17.454615241
624.0 631.0 17.454615241
624.0 550.0 17.454615241
624.0 511.0 17.454615241
624.0 394.0 17.454615241
624.0 280.0 17.454615241
623.0 471.0 17.454615241
623.0 434.0 17.454615241
623.0 356.0 17.454615241
623.0 243.0 17.454615241
622.0 204.0 17.454615241
621.0 701.0 17.454615241
621.0 318.0 17.454615241
621.0 166.0 17.454615241
597.0 101.0 17.454615241
577.0 687.0 25.2122220148
571.0 630.0 17.454615241
571.0 590.0 17.454615241
570.0 550.0 17.454615241
570.0 511.0 17.454615241
570.0 434.0 17.454615241
569.0 471.0 17.454615241
568.0 394.0 17.454615241
568.0 356.0 17.454615241
567.0 319.0 17.454615241
566.0 279.0 17.454615241
566.0 243.0 17.454615241
565.0 205.0 17.454615241
565.0 167.0 17.454615241
561.0 129.0 17.454615241
560.0 103.0 17.454615241
517.0 701.0 17.454615241
517.0 629.0 17.454615241
516.0 590.0 17.454615241
515.0 511.0 17.454615241
514.0 550.0 17.454615241
514.0 471.0 17.454615241
512.0 434.0 17.454615241
512.0 394.0 17.454615241
511.0 356.0 17.454615241
511.0 318.0 17.454615241
510.0 280.0 17.454615241
510.0 243.0 17.454615241
509.0 206.0 17.454615241
509.0 168.0 17.454615241
508.0 674.0 29.0910254017
500.0 115.0 29.0910254017
488.0 702.0 17.454615241
476.0 132.0 17.454615241
462.0 629.0 17.454615241
461.0 590.0 17.454615241
461.0 550.0 17.454615241
460.0 687.0 29.0910254017
460.0 512.0 17.454615241
460.0 471.0 17.454615241
460.0 434.0 17.454615241
459.0 394.0 17.454615241
459.0 356.0 17.454615241
458.0 318.0 17.454615241
458.0 280.0 17.454615241
457.0 244.0 17.454615241
456.0 206.0 17.454615241
454.0 168.0 17.454615241
439.0 665.0 17.454615241
429.0 116.0 29.0910254017
410.0 629.0 17.454615241
409.0 590.0 17.454615241
409.0 549.0 17.454615241
408.0 471.0 17.454615241
407.0 511.0 17.454615241
407.0 434.0 17.454615241
406.0 394.0 17.454615241
405.0 703.0 17.454615241
405.0 356.0 17.454615241
405.0 280.0 17.454615241
403.0 318.0 17.454615241
402.0 244.0 17.454615241
400.0 207.0 17.454615241
399.0 169.0 17.454615241
377.0 679.0 29.0910254017
357.0 629.0 17.454615241
356.0 590.0 17.454615241
354.0 549.0 17.454615241
354.0 511.0 17.454615241
352.0 471.0 17.454615241
352.0 433.0 17.454615241
350.0 393.0 17.454615241
350.0 279.0 17.454615241
350.0 243.0 17.454615241
349.0 356.0 17.454615241
349.0 319.0 17.454615241
348.0 207.0 17.454615241
348.0 170.0 17.454615241
317.0 700.0 18.7475497033
304.0 630.0 17.454615241
303.0 589.0 17.454615241
302.0 549.0 17.454615241
300.0 512.0 17.454615241
300.0 471.0 17.454615241
300.0 395.0 17.454615241
300.0 355.0 17.454615241
300.0 321.0 17.454615241
300.0 167.0 17.454615241
299.0 434.0 17.454615241
299.0 281.0 17.454615241
298.0 244.0 17.454615241
298.0 208.0 17.454615241
273.0 115.0 17.454615241
258.0 353.0 17.454615241
256.0 431.0 17.454615241
252.0 317.0 17.454615241
251.0 590.0 17.454615241
251.0 512.0 17.454615241
250.0 549.0 17.454615241
250.0 280.0 17.454615241
247.0 472.0 17.454615241
246.0 244.0 17.454615241
224.0 351.0 17.454615241
223.0 698.0 17.454615241
220.0 120.0 29.0910254017
204.0 394.0 17.454615241
203.0 549.0 17.454615241
202.0 470.0 17.454615241
202.0 207.0 17.454615241
201.0 321.0 17.454615241
201.0 281.0 17.454615241
200.0 588.0 17.454615241
199.0 511.0 17.454615241
199.0 244.0 17.454615241
184.0 165.0 17.454615241
179.0 699.0 21.3334186279
178.0 110.0 17.454615241
