55.0 577.0 14.8099161191
56.0 113.0 14.8099161191
58.0 51.0 18.10100859
60.0 634.0 21.392101061
62.0 340.0 24.6831935319
77.0 184.0 14.8099161191
78.0 148.0 14.8099161191
78.0 220.0 14.8099161191
78.0 410.0 14.8099161191
78.0 489.0 14.8099161191
80.0 259.0 14.8099161191
80.0 450.0 14.8099161191
83.0 528.0 14.8099161191
103.0 595.0 14.8099161191
107.0 572.0 14.8099161191
115.0 637.0 17.0039777664
127.0 257.0 14.8099161191
128.0 52.0 14.8099161191
129.0 116.0 14.8099161191
132.0 147.0 14.8099161191
132.0 356.0 22.4891318846
132.0 489.0 14.8099161191
132.0 527.0 14.8099161191
133.0 184.0 14.8099161191
133.0 220.0 14.8099161191
133.0 410.0 14.8099161191
135.0 451.0 14.8099161191
139.0 302.0 14.8099161191
140.0 563.0 14.8099161191
150.0 634.0 19.1980394137
165.0 60.0 14.8099161191
177.0 110.0 14.8099161191
180.0 74.0 14.8099161191
180.0 220.0 14.8099161191
180.0 296.0 14.8099161191
180.0 373.0 14.8099161191
181.0 146.0 14.8099161191
181.0 183.0 14.8099161191
181.0 258.0 14.8099161191
182.0 334.0 14.8099161191
182.0 411.0 14.8099161191
182.0 450.0 14.8099161191
183.0 489.0 14.8099161191
184.0 568.0 14.8099161191
185.0 529.0 14.8099161191
191.0 633.0 23.5861627082
205.0 602.0 14.8099161191
222.0 56.0 20.2950702373
227.0 109.0 14.8099161191
230.0 146.0 14.8099161191
231.0 183.0 14.8099161191
231.0 220.0 14.8099161191
232.0 258.0 14.8099161191
232.0 296.0 14.8099161191
232.0 334.0 14.8099161191
232.0 641.0 14.8099161191
233.0 373.0 14.8099161191
234.0 411.0 14.8099161191
234.0 451.0 14.8099161191
234.0 489.0 14.8099161191
237.0 529.0 14.8099161191
237.0 567.0 14.8099161191
266.0 618.0 24.6831935319
280.0 110.0 14.8099161191
280.0 146.0 14.8099161191
283.0 183.0 14.8099161191
284.0 220.0 14.8099161191
285.0 258.0 14.8099161191
285.0 640.0 14.8099161191
287.0 296.0 14.8099161191
287.0 334.0 14.8099161191
287.0 373.0 14.8099161191
287.0 411.0 14.8099161191
288.0 451.0 14.8099161191
290.0 490.0 14.8099161191
290.0 529.0 14.8099161191
292.0 568.0 14.8099161191
295.0 77.0 14.8099161191
311.0 57.0 24.6831935319
316.0 631.0 24.6831935319
335.0 108.0 14.8099161191
337.0 145.0 14.8099161191
338.0 183.0 14.8099161191
339.0 219.0 14.8099161191
339.0 258.0 14.8099161191
340.0 296.0 14.8099161191
341.0 334.0 14.8099161191
341.0 411.0 14.8099161191
342.0 373.0 14.8099161191
342.0 451.0 14.8099161191
342.0 489.0 14.8099161191
343.0 529.0 14.8099161191
344.0 569.0 14.8099161191
362.0 76.0 14.8099161191
369.0 604.0 15.9069469428
369.0 639.0 14.8099161191
389.0 56.0 24.6831935319
389.0 109.0 14.8099161191
391.0 145.0 14.8099161191
391.0 183.0 14.8099161191
391.0 220.0 14.8099161191
392.0 257.0 14.8099161191
393.0 296.0 14.8099161191
393.0 334.0 14.8099161191
393.0 373.0 14.8099161191
393.0 411.0 14.8099161191
395.0 451.0 14.8099161191
395.0 490.0 14.8099161191
396.0 618.0 24.6831935319
397.0 530.0 14.8099161191
399.0 568.0 14.8099161191
401.0 76.0 14.8099161191
440.0 42.0 14.8099161191
445.0 107.0 14.8099161191
445.0 182.0 14.8099161191
445.0 219.0 14.8099161191
446.0 71.0 14.8099161191
446.0 144.0 14.8099161191
447.0 296.0 14.8099161191
448.0 258.0 14.8099161191
448.0 333.0 14.8099161191
449.0 411.0 14.8099161191
451.0 373.0 14.8099161191
451.0 490.0 14.8099161191
452.0 451.0 14.8099161191
453.0 530.0 14.8099161191
453.0 570.0 14.8099161191
453.0 609.0 14.8099161191
463.0 631.0 24.6831935319
480.0 42.0 14.8099161191
488.0 71.0 14.8099161191
502.0 258.0 14.8099161191
503.0 106.0 14.8099161191
503.0 144.0 14.8099161191
503.0 411.0 14.8099161191
504.0 182.0 14.8099161191
504.0 219.0 14.8099161191
504.0 373.0 14.8099161191
504.0 490.0 14.8099161191
504.0 641.0 14.8099161191
505.0 295.0 14.8099161191
505.0 451.0 14.8099161191
505.0 530.0 14.8099161191
506.0 334.0 14.8099161191
506.0 570.0 14.8099161191
532.0 608.0 14.8099161191
561.0 104.0 14.8099161191
561.0 143.0 14.8099161191
561.0 218.0 14.8099161191
561.0 368.0 14.8099161191
562.0 183.0 14.8099161191
562.0 490.0 14.8099161191
563.0 257.0 14.8099161191
564.0 301.0 17.0039777664
564.0 531.0 14.8099161191
565.0 451.0 14.8099161191
565.0 570.0 14.8099161191
565.0 641.0 14.8099161191
566.0 411.0 14.8099161191
568.0 609.0 14.8099161191
598.0 326.0 14.8099161191
605.0 366.0 14.8099161191
609.0 246.0 14.8099161191
612.0 144.0 14.8099161191
612.0 529.0 14.8099161191
614.0 568.0 14.8099161191
617.0 614.0 14.8099161191
622.0 477.0 19.1980394137
624.0 433.0 19.1980394137
645.0 610.0 14.8099161191
646.0 567.0 14.8099161191
647.0 357.0 14.8099161191
650.0 646.0 14.8099161191
652.0 309.0 14.8099161191
653.0 528.0 14.8099161191
