0.1484375 0.792479108635 36.2826105744
0.154296875 0.188022284123 36.2826105744
0.2734375 0.422005571031 36.2826105744
0.291015625 0.784122562674 41.657812141
0.2919921875 0.172701949861 36.2826105744
0.3994140625 0.160167130919 36.2826105744
0.431640625 0.423398328691 36.2826105744
0.44140625 0.791086350975 36.2826105744
0.53125 0.178272980501 36.2826105744
0.55859375 0.422005571031 36.2826105744
0.560546875 0.532033426184 36.2826105744
0.564453125 0.791086350975 41.657812141
0.712890625 0.791086350975 44.3454129243
