514.0 614.0 44.885075572
516.0 1499.0 44.885075572
525.0 440.0 44.885075572
525.0 1410.0 44.885075572
538.0 1305.0 44.885075572
547.0 1138.0 44.885075572
561.0 1028.0 44.885075572
566.0 790.0 44.885075572
685.0 764.0 44.885075572
692.0 1844.0 44.885075572
702.0 1750.0 44.885075572
703.0 1668.0 44.885075572
705.0 1392.0 44.885075572
706.0 1183.0 44.885075572
837.0 1038.0 44.885075572
851.0 1199.0 44.885075572
859.0 2100.0 44.885075572
941.0 670.0 44.885075572
952.0 1515.0 44.885075572
960.0 1348.0 44.885075572
965.0 530.0 44.885075572
966.0 938.0 44.885075572
977.0 817.0 44.885075572
1035.0 179.0 74.8084592866
1061.0 264.0 44.885075572
1062.0 528.0 44.885075572
1080.0 2124.0 44.885075572
1088.0 2247.0 44.885075572
1146.0 1031.0 44.885075572
1170.0 1653.0 44.885075572
1175.0 526.0 44.885075572
1176.0 1794.0 44.885075572
1177.0 929.0 44.885075572
1180.0 1521.0 44.885075572
1183.0 1254.0 44.885075572
1247.0 2117.0 44.885075572
1249.0 157.0 44.885075572
1251.0 262.0 44.885075572
1271.0 706.0 44.885075572
1279.0 1343.0 44.885075572
1282.0 1664.0 44.885075572
1285.0 1032.0 44.885075572
1291.0 1801.0 44.885075572
1294.0 933.0 44.885075572
1298.0 534.0 44.885075572
1321.0 193.0 74.8084592866
1350.0 2190.0 61.5091776357
1356.0 266.0 44.885075572
1383.0 1839.0 44.885075572
1389.0 1319.0 44.885075572
1399.0 1653.0 44.885075572
1400.0 1388.0 44.885075572
1400.0 1489.0 44.885075572
1413.0 1033.0 44.885075572
1463.0 1209.0 44.885075572
1474.0 895.0 44.885075572
1510.0 1659.0 44.885075572
1513.0 1838.0 44.885075572
1515.0 620.0 44.885075572
1516.0 533.0 44.885075572
1602.0 1221.0 44.885075572
1605.0 1337.0 44.885075572
1616.0 1048.0 44.885075572
1620.0 715.0 44.885075572
1623.0 531.0 44.885075572
1630.0 938.0 44.885075572
1632.0 1801.0 44.885075572
1692.0 1657.0 44.885075572
1696.0 941.0 44.885075572
1729.0 671.0 44.885075572
1730.0 1353.0 44.885075572
