196.0 163.0 26.5051564771
205.0 510.0 17.454615241
210.0 239.0 17.454615241
211.0 397.0 17.454615241
211.0 547.0 17.454615241
254.0 169.0 17.454615241
262.0 242.0 17.454615241
272.0 397.0 29.0910254017
292.0 356.0 17.454615241
317.0 280.0 17.454615241
319.0 245.0 17.454615241
320.0 204.0 17.454615241
382.0 398.0 17.454615241
425.0 511.0 17.454615241
430.0 588.0 17.454615241
433.0 695.0 17.454615241
452.0 131.0 17.454615241
471.0 588.0 17.454615241
474.0 241.0 17.454615241
475.0 394.0 17.454615241
477.0 474.0 17.454615241
477.0 548.0 17.454615241
480.0 281.0 17.454615241
482.0 201.0 17.454615241
482.0 656.0 17.454615241
483.0 511.0 17.454615241
487.0 435.0 17.454615241
510.0 697.0 17.454615241
523.0 278.0 17.454615241
523.0 393.0 17.454615241
523.0 551.0 17.454615241
525.0 510.0 17.454615241
527.0 201.0 17.454615241
529.0 134.0 17.454615241
532.0 715.0 17.454615241
540.0 658.0 17.454615241
575.0 588.0 17.454615241
577.0 102.0 17.454615241
577.0 395.0 17.454615241
578.0 622.0 17.454615241
579.0 122.0 17.454615241
580.0 690.0 17.454615241
585.0 663.0 17.454615241
629.0 278.0 17.454615241
630.0 428.0 17.454615241
632.0 359.0 17.454615241
665.0 662.0 17.454615241
691.0 357.0 17.454615241
751.0 625.0 17.454615241
760.0 538.0 17.454615241
