274.0 397.0 23.9192875525
327.0 437.0 17.454615241
331.0 626.0 17.454615241
371.0 398.0 17.454615241
415.0 469.0 17.454615241
425.0 512.0 17.454615241
428.0 587.0 17.454615241
430.0 357.0 17.454615241
430.0 398.0 17.454615241
436.0 434.0 17.454615241
447.0 132.0 17.454615241
475.0 241.0 17.454615241
477.0 393.0 17.454615241
478.0 474.0 17.454615241
479.0 548.0 17.454615241
481.0 281.0 17.454615241
486.0 435.0 17.454615241
488.0 202.0 17.454615241
517.0 238.0 17.454615241
522.0 551.0 17.454615241
523.0 201.0 17.454615241
523.0 392.0 17.454615241
529.0 316.0 17.454615241
537.0 666.0 17.454615241
566.0 280.0 17.454615241
575.0 201.0 17.454615241
575.0 238.0 17.454615241
576.0 588.0 17.454615241
577.0 125.0 17.454615241
577.0 396.0 17.454615241
584.0 664.0 17.454615241
628.0 429.0 17.454615241
630.0 361.0 17.454615241
634.0 279.0 17.454615241
646.0 590.0 17.454615241
671.0 660.0 17.454615241
689.0 354.0 17.454615241
