171.0 351.0 17.454615241
173.0 109.0 17.454615241
175.0 167.0 17.454615241
178.0 412.0 25.2122220148
180.0 696.0 22.6263530902
196.0 244.0 17.454615241
197.0 280.0 17.454615241
198.0 470.0 17.454615241
198.0 511.0 17.454615241
199.0 589.0 17.454615241
200.0 207.0 17.454615241
200.0 319.0 17.454615241
200.0 549.0 17.454615241
232.0 698.0 21.3334186279
243.0 113.0 17.454615241
243.0 174.0 17.454615241
244.0 244.0 17.454615241
245.0 471.0 17.454615241
246.0 420.0 22.6263530902
246.0 549.0 17.454615241
248.0 589.0 17.454615241
251.0 512.0 17.454615241
252.0 281.0 17.454615241
254.0 355.0 17.454615241
265.0 696.0 22.6263530902
297.0 280.0 17.454615241
297.0 355.0 17.454615241
297.0 434.0 17.454615241
297.0 511.0 17.454615241
298.0 207.0 17.454615241
298.0 244.0 17.454615241
299.0 319.0 17.454615241
299.0 394.0 17.454615241
299.0 471.0 17.454615241
301.0 630.0 17.454615241
302.0 139.0 17.454615241
302.0 549.0 17.454615241
302.0 589.0 17.454615241
344.0 357.0 17.454615241
345.0 168.0 17.454615241
347.0 206.0 17.454615241
349.0 279.0 17.454615241
349.0 319.0 17.454615241
349.0 393.0 17.454615241
350.0 242.0 17.454615241
350.0 433.0 17.454615241
351.0 471.0 17.454615241
352.0 549.0 17.454615241
353.0 511.0 17.454615241
353.0 590.0 17.454615241
354.0 629.0 17.454615241
372.0 688.0 29.0910254017
398.0 168.0 17.454615241
398.0 206.0 17.454615241
401.0 243.0 17.454615241
401.0 704.0 17.454615241
402.0 318.0 17.454615241
403.0 279.0 17.454615241
404.0 356.0 17.454615241
404.0 394.0 17.454615241
405.0 434.0 17.454615241
405.0 471.0 17.454615241
406.0 511.0 17.454615241
406.0 550.0 17.454615241
407.0 589.0 17.454615241
408.0 628.0 17.454615241
424.0 118.0 29.0910254017
431.0 666.0 17.454615241
449.0 690.0 29.0910254017
453.0 168.0 17.454615241
454.0 205.0 17.454615241
455.0 243.0 17.454615241
455.0 318.0 17.454615241
456.0 280.0 17.454615241
456.0 356.0 17.454615241
458.0 393.0 17.454615241
458.0 471.0 17.454615241
459.0 433.0 17.454615241
459.0 511.0 17.454615241
459.0 549.0 17.454615241
460.0 589.0 17.454615241
460.0 629.0 17.454615241
485.0 664.0 17.454615241
503.0 117.0 29.0910254017
506.0 168.0 17.454615241
507.0 685.0 29.0910254017
508.0 205.0 17.454615241
509.0 243.0 17.454615241
509.0 280.0 17.454615241
510.0 318.0 17.454615241
510.0 356.0 17.454615241
510.0 394.0 17.454615241
510.0 433.0 17.454615241
511.0 471.0 17.454615241
512.0 511.0 17.454615241
512.0 550.0 17.454615241
514.0 590.0 17.454615241
516.0 628.0 17.454615241
558.0 102.0 17.454615241
563.0 167.0 17.454615241
563.0 204.0 17.454615241
564.0 130.0 17.454615241
564.0 243.0 17.454615241
564.0 279.0 17.454615241
565.0 356.0 17.454615241
566.0 318.0 17.454615241
566.0 394.0 17.454615241
566.0 471.0 17.454615241
567.0 433.0 17.454615241
568.0 511.0 17.454615241
568.0 550.0 17.454615241
569.0 590.0 17.454615241
570.0 630.0 17.454615241
581.0 688.0 26.5051564771
596.0 101.0 17.454615241
619.0 128.0 17.454615241
619.0 318.0 17.454615241
620.0 166.0 17.454615241
620.0 204.0 17.454615241
620.0 433.0 17.454615241
620.0 471.0 17.454615241
621.0 242.0 17.454615241
621.0 279.0 17.454615241
621.0 356.0 17.454615241
621.0 550.0 17.454615241
622.0 394.0 17.454615241
622.0 511.0 17.454615241
622.0 591.0 17.454615241
622.0 630.0 17.454615241
645.0 669.0 17.454615241
670.0 692.0 29.0910254017
677.0 164.0 17.454615241
678.0 204.0 17.454615241
678.0 428.0 17.454615241
679.0 243.0 17.454615241
679.0 278.0 17.454615241
680.0 317.0 17.454615241
680.0 550.0 17.454615241
681.0 511.0 17.454615241
681.0 591.0 17.454615241
681.0 630.0 17.454615241
682.0 471.0 17.454615241
683.0 363.0 17.454615241
730.0 591.0 17.454615241
733.0 628.0 17.454615241
734.0 675.0 17.454615241
735.0 544.0 17.454615241
761.0 415.0 17.454615241
