172.0 636.0 17.454615241
174.0 171.0 17.454615241
175.0 111.0 17.454615241
177.0 694.0 21.3334186279
179.0 400.0 25.2122220148
196.0 244.0 17.454615241
196.0 280.0 17.454615241
197.0 470.0 17.454615241
197.0 549.0 17.454615241
198.0 207.0 17.454615241
199.0 319.0 17.454615241
200.0 510.0 17.454615241
203.0 588.0 17.454615241
224.0 634.0 17.454615241
232.0 697.0 17.454615241
242.0 317.0 17.454615241
243.0 113.0 17.454615241
243.0 174.0 17.454615241
247.0 244.0 17.454615241
247.0 549.0 17.454615241
247.0 588.0 17.454615241
248.0 206.0 17.454615241
248.0 470.0 17.454615241
249.0 416.0 22.6263530902
250.0 281.0 17.454615241
251.0 511.0 17.454615241
255.0 363.0 17.454615241
255.0 625.0 17.454615241
267.0 694.0 18.7475497033
284.0 122.0 17.454615241
294.0 169.0 17.454615241
297.0 280.0 17.454615241
297.0 355.0 17.454615241
297.0 433.0 17.454615241
298.0 243.0 17.454615241
298.0 318.0 17.454615241
299.0 206.0 17.454615241
299.0 471.0 17.454615241
299.0 510.0 17.454615241
300.0 394.0 17.454615241
300.0 549.0 17.454615241
301.0 628.0 17.454615241
302.0 589.0 17.454615241
308.0 694.0 21.3334186279
321.0 664.0 17.454615241
339.0 116.0 20.0404841656
344.0 169.0 17.454615241
347.0 205.0 17.454615241
348.0 243.0 17.454615241
348.0 280.0 17.454615241
349.0 318.0 17.454615241
349.0 356.0 17.454615241
350.0 394.0 17.454615241
350.0 433.0 17.454615241
351.0 471.0 17.454615241
351.0 549.0 17.454615241
351.0 700.0 17.454615241
352.0 511.0 17.454615241
354.0 589.0 17.454615241
354.0 627.0 17.454615241
386.0 682.0 29.0910254017
397.0 170.0 17.454615241
397.0 205.0 17.454615241
400.0 243.0 17.454615241
401.0 280.0 17.454615241
402.0 318.0 17.454615241
403.0 356.0 17.454615241
404.0 394.0 17.454615241
404.0 433.0 17.454615241
405.0 471.0 17.454615241
405.0 511.0 17.454615241
406.0 550.0 17.454615241
407.0 589.0 17.454615241
409.0 628.0 17.454615241
433.0 118.0 29.0910254017
452.0 168.0 17.454615241
454.0 205.0 17.454615241
455.0 243.0 17.454615241
456.0 280.0 17.454615241
456.0 318.0 17.454615241
457.0 356.0 17.454615241
458.0 394.0 17.454615241
458.0 471.0 17.454615241
459.0 433.0 17.454615241
459.0 511.0 17.454615241
459.0 549.0 17.454615241
460.0 589.0 17.454615241
461.0 628.0 17.454615241
486.0 697.0 17.454615241
502.0 118.0 29.0910254017
506.0 169.0 17.454615241
508.0 204.0 17.454615241
508.0 243.0 17.454615241
508.0 280.0 17.454615241
508.0 679.0 29.0910254017
509.0 317.0 17.454615241
510.0 356.0 17.454615241
510.0 394.0 17.454615241
510.0 433.0 17.454615241
511.0 471.0 17.454615241
512.0 511.0 17.454615241
512.0 550.0 17.454615241
514.0 590.0 17.454615241
516.0 628.0 17.454615241
559.0 102.0 17.454615241
563.0 167.0 17.454615241
563.0 204.0 17.454615241
563.0 242.0 17.454615241
563.0 279.0 17.454615241
564.0 356.0 17.454615241
565.0 318.0 17.454615241
566.0 131.0 17.454615241
566.0 393.0 17.454615241
566.0 471.0 17.454615241
567.0 433.0 17.454615241
568.0 511.0 17.454615241
568.0 550.0 17.454615241
570.0 590.0 17.454615241
570.0 629.0 17.454615241
581.0 686.0 27.7980909394
592.0 101.0 17.454615241
604.0 131.0 17.454615241
618.0 701.0 17.454615241
619.0 318.0 17.454615241
620.0 166.0 17.454615241
620.0 204.0 17.454615241
621.0 242.0 17.454615241
621.0 279.0 17.454615241
621.0 433.0 17.454615241
621.0 471.0 17.454615241
622.0 355.0 17.454615241
622.0 511.0 17.454615241
622.0 550.0 17.454615241
622.0 590.0 17.454615241
623.0 394.0 17.454615241
623.0 630.0 17.454615241
650.0 668.0 17.454615241
678.0 164.0 17.454615241
678.0 203.0 17.454615241
678.0 278.0 17.454615241
679.0 243.0 17.454615241
679.0 428.0 17.454615241
679.0 550.0 17.454615241
680.0 317.0 17.454615241
681.0 362.0 17.454615241
681.0 511.0 17.454615241
681.0 591.0 17.454615241
681.0 701.0 17.454615241
682.0 471.0 17.454615241
682.0 630.0 17.454615241
682.0 669.0 17.454615241
721.0 426.0 17.454615241
727.0 306.0 17.454615241
730.0 204.0 17.454615241
730.0 589.0 17.454615241
734.0 628.0 17.454615241
736.0 674.0 17.454615241
738.0 537.0 18.7475497033
741.0 493.0 18.7475497033
761.0 627.0 17.454615241
765.0 369.0 17.454615241
765.0 417.0 17.454615241
766.0 707.0 17.454615241
770.0 587.0 17.454615241
